{
  "camera_angle_x": 1.5184364492350666,
  "camera_angle_y": 1.0122909661567112,
  "fl_x": 674.419280179816,
  "fl_y": 649.4571918977125,
  "k1": 0.0,
  "k2": 0.0,
  "p1": 0.0,
  "p2": 0.0,
  "cx": 640.0,
  "cy": 360.0,
  "w": 1280,
  "h": 720,
  "aabb_scale": 64.0,
  "frames": [
    {
      "file_path": "./images_robot/TestNERF 0.jpg",
      "sharpness": 174.31135358626278,
      "transform_matrix": [
        [
          0.730263,
          -0.682985,
          -0.015725,
          -37.18423408333342
        ],
        [
          -0.68305,
          -0.729519,
          -0.03529,
          -27.659761749999973
        ],
        [
          0.01263,
          0.036512,
          -0.999253,
          15.378134250000002
        ],
        [
          0.0,
          0.0,
          0.0,
          1.0
        ]
      ]
    },
    {
      "file_path": "./images_robot/TestNERF 1.jpg",
      "sharpness": 167.2877331214611,
      "transform_matrix": [
        [
          0.730277,
          -0.682968,
          -0.015808,
          -37.19254108333348
        ],
        [
          -0.683036,
          -0.729532,
          -0.035287,
          45.26704925000004
        ],
        [
          0.012568,
          0.036567,
          -0.999252,
          15.301995250000004
        ],
        [
          0.0,
          0.0,
          0.0,
          1.0
        ]
      ]
    },
    {
      "file_path": "./images_robot/TestNERF 2.jpg",
      "sharpness": 163.38531977923233,
      "transform_matrix": [
        [
          0.730286,
          -0.682957,
          -0.015879,
          -95.18274808333342
        ],
        [
          -0.683027,
          -0.72954,
          -0.035307,
          22.369347250000033
        ],
        [
          0.012529,
          0.03663,
          -0.99925,
          15.24860125
        ],
        [
          0.0,
          0.0,
          0.0,
          1.0
        ]
      ]
    },
    {
      "file_path": "./images_robot/TestNERF 3.jpg",
      "sharpness": 175.6326504461924,
      "transform_matrix": [
        [
          0.704846,
          -0.64722,
          -0.290342,
          27.897293916666513
        ],
        [
          -0.68455,
          -0.72791,
          -0.039208,
          22.378468250000026
        ],
        [
          -0.185967,
          0.226389,
          -0.956119,
          15.185204250000005
        ],
        [
          0.0,
          0.0,
          0.0,
          1.0
        ]
      ]
    },
    {
      "file_path": "./images_robot/TestNERF 4.jpg",
      "sharpness": 154.36744431558185,
      "transform_matrix": [
        [
          0.735394,
          -0.677031,
          0.028705,
          -52.818765083333346
        ],
        [
          -0.617525,
          -0.686998,
          -0.38301,
          102.03668825000003
        ],
        [
          0.27903,
          0.263938,
          -0.923298,
          -26.44781675
        ],
        [
          0.0,
          0.0,
          0.0,
          1.0
        ]
      ]
    },
    {
      "file_path": "./images_robot/TestNERF 5.jpg",
      "sharpness": 159.2262629628876,
      "transform_matrix": [
        [
          0.735419,
          -0.677007,
          0.028645,
          -52.82198908333339
        ],
        [
          -0.626302,
          -0.69526,
          -0.352646,
          20.51814925000002
        ],
        [
          0.25866,
          0.241402,
          -0.935318,
          17.456778250000006
        ],
        [
          0.0,
          0.0,
          0.0,
          1.0
        ]
      ]
    },
    {
      "file_path": "./images_robot/TestNERF 6.jpg",
      "sharpness": 159.50168252647182,
      "transform_matrix": [
        [
          0.735419,
          -0.677007,
          0.028646,
          -52.82196808333333
        ],
        [
          -0.67638,
          -0.730875,
          0.091281,
          -98.54303674999997
        ],
        [
          -0.040862,
          -0.086505,
          -0.995413,
          17.456762250000004
        ],
        [
          0.0,
          0.0,
          0.0,
          1.0
        ]
      ]
    },
    {
      "file_path": "./images_robot/TestNERF 8.jpg",
      "sharpness": 158.95748136816022,
      "transform_matrix": [
        [
          0.735418,
          -0.677008,
          0.028639,
          -52.8220250833333
        ],
        [
          -0.676385,
          -0.730886,
          0.091154,
          -98.54306274999996
        ],
        [
          -0.04078,
          -0.086407,
          -0.995425,
          -9.577678750000004
        ],
        [
          0.0,
          0.0,
          0.0,
          1.0
        ]
      ]
    },
    {
      "file_path": "./images_robot/TestNERF 9.jpg",
      "sharpness": 158.95748136816022,
      "transform_matrix": [
        [
          0.672689,
          -0.67577,
          -0.301371,
          88.2367729166665
        ],
        [
          -0.624629,
          -0.73697,
          0.258291,
          -98.54305974999997
        ],
        [
          -0.396647,
          0.014495,
          -0.917857,
          -9.519763749999996
        ],
        [
          0.0,
          0.0,
          0.0,
          1.0
        ]
      ]
    },
    {
      "file_path": "./images_robot/TestNERF 10.jpg",
      "sharpness": 172.5327298895518,
      "transform_matrix": [
        [
          0.672688,
          -0.67577,
          -0.301374,
          88.2367309166666
        ],
        [
          -0.624679,
          -0.736968,
          0.258175,
          -98.54306274999996
        ],
        [
          -0.39657,
          0.01459,
          -0.917889,
          -26.55760275
        ],
        [
          0.0,
          0.0,
          0.0,
          1.0
        ]
      ]
    },
    {
      "file_path": "./images_robot/TestNERF 11.jpg",
      "sharpness": 171.58823690786366,
      "transform_matrix": [
        [
          0.672689,
          -0.67577,
          -0.301371,
          88.23674791666667
        ],
        [
          -0.737366,
          -0.646084,
          -0.197146,
          104.63114125000001
        ],
        [
          -0.061485,
          0.354839,
          -0.932904,
          -26.49960075
        ],
        [
          0.0,
          0.0,
          0.0,
          1.0
        ]
      ]
    },
    {
      "file_path": "./images_robot/TestNERF 12.jpg",
      "sharpness": 197.19535550484355,
      "transform_matrix": [
        [
          0.672689,
          -0.675772,
          -0.301367,
          88.23672491666662
        ],
        [
          -0.737359,
          -0.646128,
          -0.197028,
          104.63114025000002
        ],
        [
          -0.061575,
          0.354754,
          -0.93293,
          2.5749872500000066
        ],
        [
          0.0,
          0.0,
          0.0,
          1.0
        ]
      ]
    }
  ]
}