{
  "camera_angle_x": 1.5184364492350666,
  "camera_angle_y": 1.0122909661567112,
  "fl_x": 674.419280179816,
  "fl_y": 649.4571918977125,
  "k1": 0.0,
  "k2": 0.0,
  "p1": 0.0,
  "p2": 0.0,
  "cx": 640.0,
  "cy": 360.0,
  "w": 1280,
  "h": 720,
  "aabb_scale": 128.0,
  "frames": [
    {
      "file_path": "./images_robot/TestNERF 1.jpg",
      "sharpness": 167.2877331214611,
      "transform_matrix": [
        [
          0.730277,
          -0.682968,
          -0.015808,
          -40.57292600000005
        ],
        [
          -0.683036,
          -0.729532,
          -0.035287,
          42.75252545454546
        ],
        [
          0.012568,
          0.036567,
          -0.999252,
          16.700007454545457
        ],
        [
          0.0,
          0.0,
          0.0,
          1.0
        ]
      ]
    },
    {
      "file_path": "./images_robot/TestNERF 2.jpg",
      "sharpness": 163.38531977923233,
      "transform_matrix": [
        [
          0.730286,
          -0.682957,
          -0.015879,
          -98.563133
        ],
        [
          -0.683027,
          -0.72954,
          -0.035307,
          19.854823454545453
        ],
        [
          0.012529,
          0.03663,
          -0.99925,
          16.646613454545452
        ],
        [
          0.0,
          0.0,
          0.0,
          1.0
        ]
      ]
    },
    {
      "file_path": "./images_robot/TestNERF 3.jpg",
      "sharpness": 175.6326504461924,
      "transform_matrix": [
        [
          0.704846,
          -0.64722,
          -0.290342,
          24.51690899999994
        ],
        [
          -0.68455,
          -0.72791,
          -0.039208,
          19.863944454545447
        ],
        [
          -0.185967,
          0.226389,
          -0.956119,
          16.583216454545457
        ],
        [
          0.0,
          0.0,
          0.0,
          1.0
        ]
      ]
    },
    {
      "file_path": "./images_robot/TestNERF 4.jpg",
      "sharpness": 154.36744431558185,
      "transform_matrix": [
        [
          0.735394,
          -0.677031,
          0.028705,
          -56.19914999999992
        ],
        [
          -0.617525,
          -0.686998,
          -0.38301,
          99.52216445454545
        ],
        [
          0.27903,
          0.263938,
          -0.923298,
          -25.04980454545455
        ],
        [
          0.0,
          0.0,
          0.0,
          1.0
        ]
      ]
    },
    {
      "file_path": "./images_robot/TestNERF 5.jpg",
      "sharpness": 159.2262629628876,
      "transform_matrix": [
        [
          0.735419,
          -0.677007,
          0.028645,
          -56.20237399999996
        ],
        [
          -0.626302,
          -0.69526,
          -0.352646,
          18.003625454545443
        ],
        [
          0.25866,
          0.241402,
          -0.935318,
          18.85479045454546
        ],
        [
          0.0,
          0.0,
          0.0,
          1.0
        ]
      ]
    },
    {
      "file_path": "./images_robot/TestNERF 6.jpg",
      "sharpness": 159.50168252647182,
      "transform_matrix": [
        [
          0.735419,
          -0.677007,
          0.028646,
          -56.2023529999999
        ],
        [
          -0.67638,
          -0.730875,
          0.091281,
          -101.05756054545455
        ],
        [
          -0.040862,
          -0.086505,
          -0.995413,
          18.854774454545456
        ],
        [
          0.0,
          0.0,
          0.0,
          1.0
        ]
      ]
    },
    {
      "file_path": "./images_robot/TestNERF 8.jpg",
      "sharpness": 158.95748136816022,
      "transform_matrix": [
        [
          0.735418,
          -0.677008,
          0.028639,
          -56.20240999999987
        ],
        [
          -0.676385,
          -0.730886,
          0.091154,
          -101.05758654545454
        ],
        [
          -0.04078,
          -0.086407,
          -0.995425,
          -8.179666545454552
        ],
        [
          0.0,
          0.0,
          0.0,
          1.0
        ]
      ]
    },
    {
      "file_path": "./images_robot/TestNERF 9.jpg",
      "sharpness": 172.5327298895518,
      "transform_matrix": [
        [
          0.672689,
          -0.67577,
          -0.301371,
          84.85638799999992
        ],
        [
          -0.624629,
          -0.73697,
          0.258291,
          -101.05758354545455
        ],
        [
          -0.396647,
          0.014495,
          -0.917857,
          -8.121751545454543
        ],
        [
          0.0,
          0.0,
          0.0,
          1.0
        ]
      ]
    },
    {
      "file_path": "./images_robot/TestNERF 10.jpg",
      "sharpness": 171.58823690786366,
      "transform_matrix": [
        [
          0.672688,
          -0.67577,
          -0.301374,
          84.85634600000003
        ],
        [
          -0.624679,
          -0.736968,
          0.258175,
          -101.05758654545454
        ],
        [
          -0.39657,
          0.01459,
          -0.917889,
          -25.15959054545455
        ],
        [
          0.0,
          0.0,
          0.0,
          1.0
        ]
      ]
    },
    {
      "file_path": "./images_robot/TestNERF 11.jpg",
      "sharpness": 197.19535550484355,
      "transform_matrix": [
        [
          0.672689,
          -0.67577,
          -0.301371,
          84.8563630000001
        ],
        [
          -0.737366,
          -0.646084,
          -0.197146,
          102.11661745454543
        ],
        [
          -0.061485,
          0.354839,
          -0.932904,
          -25.101588545454547
        ],
        [
          0.0,
          0.0,
          0.0,
          1.0
        ]
      ]
    },
    {
      "file_path": "./images_robot/TestNERF 12.jpg",
      "sharpness": 196.0881226759121,
      "transform_matrix": [
        [
          0.672689,
          -0.675772,
          -0.301367,
          84.85634000000005
        ],
        [
          -0.737359,
          -0.646128,
          -0.197028,
          102.11661645454544
        ],
        [
          -0.061575,
          0.354754,
          -0.93293,
          3.9729994545454588
        ],
        [
          0.0,
          0.0,
          0.0,
          1.0
        ]
      ]
    }
  ]
}